Summary:	This is a 15x15x15 grid;
Number of Dimensions:	3;
Coordinate System:	Cartesian_3;
Ordered:	true;
Is Electric Field Defined:	false;
0	0	0	0
1	1	0	0
2	2	0	0
3	3	0	0
4	4	0	0
5	5	0	0
6	6	0	0
7	7	0	0
8	8	0	0
9	9	0	0
10	10	0	0
11	11	0	0
12	12	0	0
13	13	0	0
14	14	0	0
15	0	1	0
16	1	1	0
17	2	1	0
18	3	1	0
19	4	1	0
20	5	1	0
21	6	1	0
22	7	1	0
23	8	1	0
24	9	1	0
25	10	1	0
26	11	1	0
27	12	1	0
28	13	1	0
29	14	1	0
30	0	2	0
31	1	2	0
32	2	2	0
33	3	2	0
34	4	2	0
35	5	2	0
36	6	2	0
37	7	2	0
38	8	2	0
39	9	2	0
40	10	2	0
41	11	2	0
42	12	2	0
43	13	2	0
44	14	2	0
45	0	3	0
46	1	3	0
47	2	3	0
48	3	3	0
49	4	3	0
50	5	3	0
51	6	3	0
52	7	3	0
53	8	3	0
54	9	3	0
55	10	3	0
56	11	3	0
57	12	3	0
58	13	3	0
59	14	3	0
60	0	4	0
61	1	4	0
62	2	4	0
63	3	4	0
64	4	4	0
65	5	4	0
66	6	4	0
67	7	4	0
68	8	4	0
69	9	4	0
70	10	4	0
71	11	4	0
72	12	4	0
73	13	4	0
74	14	4	0
75	0	5	0
76	1	5	0
77	2	5	0
78	3	5	0
79	4	5	0
80	5	5	0
81	6	5	0
82	7	5	0
83	8	5	0
84	9	5	0
85	10	5	0
86	11	5	0
87	12	5	0
88	13	5	0
89	14	5	0
90	0	6	0
91	1	6	0
92	2	6	0
93	3	6	0
94	4	6	0
95	5	6	0
96	6	6	0
97	7	6	0
98	8	6	0
99	9	6	0
100	10	6	0
101	11	6	0
102	12	6	0
103	13	6	0
104	14	6	0
105	0	7	0
106	1	7	0
107	2	7	0
108	3	7	0
109	4	7	0
110	5	7	0
111	6	7	0
112	7	7	0
113	8	7	0
114	9	7	0
115	10	7	0
116	11	7	0
117	12	7	0
118	13	7	0
119	14	7	0
120	0	8	0
121	1	8	0
122	2	8	0
123	3	8	0
124	4	8	0
125	5	8	0
126	6	8	0
127	7	8	0
128	8	8	0
129	9	8	0
130	10	8	0
131	11	8	0
132	12	8	0
133	13	8	0
134	14	8	0
135	0	9	0
136	1	9	0
137	2	9	0
138	3	9	0
139	4	9	0
140	5	9	0
141	6	9	0
142	7	9	0
143	8	9	0
144	9	9	0
145	10	9	0
146	11	9	0
147	12	9	0
148	13	9	0
149	14	9	0
150	0	10	0
151	1	10	0
152	2	10	0
153	3	10	0
154	4	10	0
155	5	10	0
156	6	10	0
157	7	10	0
158	8	10	0
159	9	10	0
160	10	10	0
161	11	10	0
162	12	10	0
163	13	10	0
164	14	10	0
165	0	11	0
166	1	11	0
167	2	11	0
168	3	11	0
169	4	11	0
170	5	11	0
171	6	11	0
172	7	11	0
173	8	11	0
174	9	11	0
175	10	11	0
176	11	11	0
177	12	11	0
178	13	11	0
179	14	11	0
180	0	12	0
181	1	12	0
182	2	12	0
183	3	12	0
184	4	12	0
185	5	12	0
186	6	12	0
187	7	12	0
188	8	12	0
189	9	12	0
190	10	12	0
191	11	12	0
192	12	12	0
193	13	12	0
194	14	12	0
195	0	13	0
196	1	13	0
197	2	13	0
198	3	13	0
199	4	13	0
200	5	13	0
201	6	13	0
202	7	13	0
203	8	13	0
204	9	13	0
205	10	13	0
206	11	13	0
207	12	13	0
208	13	13	0
209	14	13	0
210	0	14	0
211	1	14	0
212	2	14	0
213	3	14	0
214	4	14	0
215	5	14	0
216	6	14	0
217	7	14	0
218	8	14	0
219	9	14	0
220	10	14	0
221	11	14	0
222	12	14	0
223	13	14	0
224	14	14	0
225	0	0	1
226	1	0	1
227	2	0	1
228	3	0	1
229	4	0	1
230	5	0	1
231	6	0	1
232	7	0	1
233	8	0	1
234	9	0	1
235	10	0	1
236	11	0	1
237	12	0	1
238	13	0	1
239	14	0	1
240	0	1	1
241	1	1	1
242	2	1	1
243	3	1	1
244	4	1	1
245	5	1	1
246	6	1	1
247	7	1	1
248	8	1	1
249	9	1	1
250	10	1	1
251	11	1	1
252	12	1	1
253	13	1	1
254	14	1	1
255	0	2	1
256	1	2	1
257	2	2	1
258	3	2	1
259	4	2	1
260	5	2	1
261	6	2	1
262	7	2	1
263	8	2	1
264	9	2	1
265	10	2	1
266	11	2	1
267	12	2	1
268	13	2	1
269	14	2	1
270	0	3	1
271	1	3	1
272	2	3	1
273	3	3	1
274	4	3	1
275	5	3	1
276	6	3	1
277	7	3	1
278	8	3	1
279	9	3	1
280	10	3	1
281	11	3	1
282	12	3	1
283	13	3	1
284	14	3	1
285	0	4	1
286	1	4	1
287	2	4	1
288	3	4	1
289	4	4	1
290	5	4	1
291	6	4	1
292	7	4	1
293	8	4	1
294	9	4	1
295	10	4	1
296	11	4	1
297	12	4	1
298	13	4	1
299	14	4	1
300	0	5	1
301	1	5	1
302	2	5	1
303	3	5	1
304	4	5	1
305	5	5	1
306	6	5	1
307	7	5	1
308	8	5	1
309	9	5	1
310	10	5	1
311	11	5	1
312	12	5	1
313	13	5	1
314	14	5	1
315	0	6	1
316	1	6	1
317	2	6	1
318	3	6	1
319	4	6	1
320	5	6	1
321	6	6	1
322	7	6	1
323	8	6	1
324	9	6	1
325	10	6	1
326	11	6	1
327	12	6	1
328	13	6	1
329	14	6	1
330	0	7	1
331	1	7	1
332	2	7	1
333	3	7	1
334	4	7	1
335	5	7	1
336	6	7	1
337	7	7	1
338	8	7	1
339	9	7	1
340	10	7	1
341	11	7	1
342	12	7	1
343	13	7	1
344	14	7	1
345	0	8	1
346	1	8	1
347	2	8	1
348	3	8	1
349	4	8	1
350	5	8	1
351	6	8	1
352	7	8	1
353	8	8	1
354	9	8	1
355	10	8	1
356	11	8	1
357	12	8	1
358	13	8	1
359	14	8	1
360	0	9	1
361	1	9	1
362	2	9	1
363	3	9	1
364	4	9	1
365	5	9	1
366	6	9	1
367	7	9	1
368	8	9	1
369	9	9	1
370	10	9	1
371	11	9	1
372	12	9	1
373	13	9	1
374	14	9	1
375	0	10	1
376	1	10	1
377	2	10	1
378	3	10	1
379	4	10	1
380	5	10	1
381	6	10	1
382	7	10	1
383	8	10	1
384	9	10	1
385	10	10	1
386	11	10	1
387	12	10	1
388	13	10	1
389	14	10	1
390	0	11	1
391	1	11	1
392	2	11	1
393	3	11	1
394	4	11	1
395	5	11	1
396	6	11	1
397	7	11	1
398	8	11	1
399	9	11	1
400	10	11	1
401	11	11	1
402	12	11	1
403	13	11	1
404	14	11	1
405	0	12	1
406	1	12	1
407	2	12	1
408	3	12	1
409	4	12	1
410	5	12	1
411	6	12	1
412	7	12	1
413	8	12	1
414	9	12	1
415	10	12	1
416	11	12	1
417	12	12	1
418	13	12	1
419	14	12	1
420	0	13	1
421	1	13	1
422	2	13	1
423	3	13	1
424	4	13	1
425	5	13	1
426	6	13	1
427	7	13	1
428	8	13	1
429	9	13	1
430	10	13	1
431	11	13	1
432	12	13	1
433	13	13	1
434	14	13	1
435	0	14	1
436	1	14	1
437	2	14	1
438	3	14	1
439	4	14	1
440	5	14	1
441	6	14	1
442	7	14	1
443	8	14	1
444	9	14	1
445	10	14	1
446	11	14	1
447	12	14	1
448	13	14	1
449	14	14	1
450	0	0	2
451	1	0	2
452	2	0	2
453	3	0	2
454	4	0	2
455	5	0	2
456	6	0	2
457	7	0	2
458	8	0	2
459	9	0	2
460	10	0	2
461	11	0	2
462	12	0	2
463	13	0	2
464	14	0	2
465	0	1	2
466	1	1	2
467	2	1	2
468	3	1	2
469	4	1	2
470	5	1	2
471	6	1	2
472	7	1	2
473	8	1	2
474	9	1	2
475	10	1	2
476	11	1	2
477	12	1	2
478	13	1	2
479	14	1	2
480	0	2	2
481	1	2	2
482	2	2	2
483	3	2	2
484	4	2	2
485	5	2	2
486	6	2	2
487	7	2	2
488	8	2	2
489	9	2	2
490	10	2	2
491	11	2	2
492	12	2	2
493	13	2	2
494	14	2	2
495	0	3	2
496	1	3	2
497	2	3	2
498	3	3	2
499	4	3	2
500	5	3	2
501	6	3	2
502	7	3	2
503	8	3	2
504	9	3	2
505	10	3	2
506	11	3	2
507	12	3	2
508	13	3	2
509	14	3	2
510	0	4	2
511	1	4	2
512	2	4	2
513	3	4	2
514	4	4	2
515	5	4	2
516	6	4	2
517	7	4	2
518	8	4	2
519	9	4	2
520	10	4	2
521	11	4	2
522	12	4	2
523	13	4	2
524	14	4	2
525	0	5	2
526	1	5	2
527	2	5	2
528	3	5	2
529	4	5	2
530	5	5	2
531	6	5	2
532	7	5	2
533	8	5	2
534	9	5	2
535	10	5	2
536	11	5	2
537	12	5	2
538	13	5	2
539	14	5	2
540	0	6	2
541	1	6	2
542	2	6	2
543	3	6	2
544	4	6	2
545	5	6	2
546	6	6	2
547	7	6	2
548	8	6	2
549	9	6	2
550	10	6	2
551	11	6	2
552	12	6	2
553	13	6	2
554	14	6	2
555	0	7	2
556	1	7	2
557	2	7	2
558	3	7	2
559	4	7	2
560	5	7	2
561	6	7	2
562	7	7	2
563	8	7	2
564	9	7	2
565	10	7	2
566	11	7	2
567	12	7	2
568	13	7	2
569	14	7	2
570	0	8	2
571	1	8	2
572	2	8	2
573	3	8	2
574	4	8	2
575	5	8	2
576	6	8	2
577	7	8	2
578	8	8	2
579	9	8	2
580	10	8	2
581	11	8	2
582	12	8	2
583	13	8	2
584	14	8	2
585	0	9	2
586	1	9	2
587	2	9	2
588	3	9	2
589	4	9	2
590	5	9	2
591	6	9	2
592	7	9	2
593	8	9	2
594	9	9	2
595	10	9	2
596	11	9	2
597	12	9	2
598	13	9	2
599	14	9	2
600	0	10	2
601	1	10	2
602	2	10	2
603	3	10	2
604	4	10	2
605	5	10	2
606	6	10	2
607	7	10	2
608	8	10	2
609	9	10	2
610	10	10	2
611	11	10	2
612	12	10	2
613	13	10	2
614	14	10	2
615	0	11	2
616	1	11	2
617	2	11	2
618	3	11	2
619	4	11	2
620	5	11	2
621	6	11	2
622	7	11	2
623	8	11	2
624	9	11	2
625	10	11	2
626	11	11	2
627	12	11	2
628	13	11	2
629	14	11	2
630	0	12	2
631	1	12	2
632	2	12	2
633	3	12	2
634	4	12	2
635	5	12	2
636	6	12	2
637	7	12	2
638	8	12	2
639	9	12	2
640	10	12	2
641	11	12	2
642	12	12	2
643	13	12	2
644	14	12	2
645	0	13	2
646	1	13	2
647	2	13	2
648	3	13	2
649	4	13	2
650	5	13	2
651	6	13	2
652	7	13	2
653	8	13	2
654	9	13	2
655	10	13	2
656	11	13	2
657	12	13	2
658	13	13	2
659	14	13	2
660	0	14	2
661	1	14	2
662	2	14	2
663	3	14	2
664	4	14	2
665	5	14	2
666	6	14	2
667	7	14	2
668	8	14	2
669	9	14	2
670	10	14	2
671	11	14	2
672	12	14	2
673	13	14	2
674	14	14	2
675	0	0	3
676	1	0	3
677	2	0	3
678	3	0	3
679	4	0	3
680	5	0	3
681	6	0	3
682	7	0	3
683	8	0	3
684	9	0	3
685	10	0	3
686	11	0	3
687	12	0	3
688	13	0	3
689	14	0	3
690	0	1	3
691	1	1	3
692	2	1	3
693	3	1	3
694	4	1	3
695	5	1	3
696	6	1	3
697	7	1	3
698	8	1	3
699	9	1	3
700	10	1	3
701	11	1	3
702	12	1	3
703	13	1	3
704	14	1	3
705	0	2	3
706	1	2	3
707	2	2	3
708	3	2	3
709	4	2	3
710	5	2	3
711	6	2	3
712	7	2	3
713	8	2	3
714	9	2	3
715	10	2	3
716	11	2	3
717	12	2	3
718	13	2	3
719	14	2	3
720	0	3	3
721	1	3	3
722	2	3	3
723	3	3	3
724	4	3	3
725	5	3	3
726	6	3	3
727	7	3	3
728	8	3	3
729	9	3	3
730	10	3	3
731	11	3	3
732	12	3	3
733	13	3	3
734	14	3	3
735	0	4	3
736	1	4	3
737	2	4	3
738	3	4	3
739	4	4	3
740	5	4	3
741	6	4	3
742	7	4	3
743	8	4	3
744	9	4	3
745	10	4	3
746	11	4	3
747	12	4	3
748	13	4	3
749	14	4	3
750	0	5	3
751	1	5	3
752	2	5	3
753	3	5	3
754	4	5	3
755	5	5	3
756	6	5	3
757	7	5	3
758	8	5	3
759	9	5	3
760	10	5	3
761	11	5	3
762	12	5	3
763	13	5	3
764	14	5	3
765	0	6	3
766	1	6	3
767	2	6	3
768	3	6	3
769	4	6	3
770	5	6	3
771	6	6	3
772	7	6	3
773	8	6	3
774	9	6	3
775	10	6	3
776	11	6	3
777	12	6	3
778	13	6	3
779	14	6	3
780	0	7	3
781	1	7	3
782	2	7	3
783	3	7	3
784	4	7	3
785	5	7	3
786	6	7	3
787	7	7	3
788	8	7	3
789	9	7	3
790	10	7	3
791	11	7	3
792	12	7	3
793	13	7	3
794	14	7	3
795	0	8	3
796	1	8	3
797	2	8	3
798	3	8	3
799	4	8	3
800	5	8	3
801	6	8	3
802	7	8	3
803	8	8	3
804	9	8	3
805	10	8	3
806	11	8	3
807	12	8	3
808	13	8	3
809	14	8	3
810	0	9	3
811	1	9	3
812	2	9	3
813	3	9	3
814	4	9	3
815	5	9	3
816	6	9	3
817	7	9	3
818	8	9	3
819	9	9	3
820	10	9	3
821	11	9	3
822	12	9	3
823	13	9	3
824	14	9	3
825	0	10	3
826	1	10	3
827	2	10	3
828	3	10	3
829	4	10	3
830	5	10	3
831	6	10	3
832	7	10	3
833	8	10	3
834	9	10	3
835	10	10	3
836	11	10	3
837	12	10	3
838	13	10	3
839	14	10	3
840	0	11	3
841	1	11	3
842	2	11	3
843	3	11	3
844	4	11	3
845	5	11	3
846	6	11	3
847	7	11	3
848	8	11	3
849	9	11	3
850	10	11	3
851	11	11	3
852	12	11	3
853	13	11	3
854	14	11	3
855	0	12	3
856	1	12	3
857	2	12	3
858	3	12	3
859	4	12	3
860	5	12	3
861	6	12	3
862	7	12	3
863	8	12	3
864	9	12	3
865	10	12	3
866	11	12	3
867	12	12	3
868	13	12	3
869	14	12	3
870	0	13	3
871	1	13	3
872	2	13	3
873	3	13	3
874	4	13	3
875	5	13	3
876	6	13	3
877	7	13	3
878	8	13	3
879	9	13	3
880	10	13	3
881	11	13	3
882	12	13	3
883	13	13	3
884	14	13	3
885	0	14	3
886	1	14	3
887	2	14	3
888	3	14	3
889	4	14	3
890	5	14	3
891	6	14	3
892	7	14	3
893	8	14	3
894	9	14	3
895	10	14	3
896	11	14	3
897	12	14	3
898	13	14	3
899	14	14	3
900	0	0	4
901	1	0	4
902	2	0	4
903	3	0	4
904	4	0	4
905	5	0	4
906	6	0	4
907	7	0	4
908	8	0	4
909	9	0	4
910	10	0	4
911	11	0	4
912	12	0	4
913	13	0	4
914	14	0	4
915	0	1	4
916	1	1	4
917	2	1	4
918	3	1	4
919	4	1	4
920	5	1	4
921	6	1	4
922	7	1	4
923	8	1	4
924	9	1	4
925	10	1	4
926	11	1	4
927	12	1	4
928	13	1	4
929	14	1	4
930	0	2	4
931	1	2	4
932	2	2	4
933	3	2	4
934	4	2	4
935	5	2	4
936	6	2	4
937	7	2	4
938	8	2	4
939	9	2	4
940	10	2	4
941	11	2	4
942	12	2	4
943	13	2	4
944	14	2	4
945	0	3	4
946	1	3	4
947	2	3	4
948	3	3	4
949	4	3	4
950	5	3	4
951	6	3	4
952	7	3	4
953	8	3	4
954	9	3	4
955	10	3	4
956	11	3	4
957	12	3	4
958	13	3	4
959	14	3	4
960	0	4	4
961	1	4	4
962	2	4	4
963	3	4	4
964	4	4	4
965	5	4	4
966	6	4	4
967	7	4	4
968	8	4	4
969	9	4	4
970	10	4	4
971	11	4	4
972	12	4	4
973	13	4	4
974	14	4	4
975	0	5	4
976	1	5	4
977	2	5	4
978	3	5	4
979	4	5	4
980	5	5	4
981	6	5	4
982	7	5	4
983	8	5	4
984	9	5	4
985	10	5	4
986	11	5	4
987	12	5	4
988	13	5	4
989	14	5	4
990	0	6	4
991	1	6	4
992	2	6	4
993	3	6	4
994	4	6	4
995	5	6	4
996	6	6	4
997	7	6	4
998	8	6	4
999	9	6	4
1000	10	6	4
1001	11	6	4
1002	12	6	4
1003	13	6	4
1004	14	6	4
1005	0	7	4
1006	1	7	4
1007	2	7	4
1008	3	7	4
1009	4	7	4
1010	5	7	4
1011	6	7	4
1012	7	7	4
1013	8	7	4
1014	9	7	4
1015	10	7	4
1016	11	7	4
1017	12	7	4
1018	13	7	4
1019	14	7	4
1020	0	8	4
1021	1	8	4
1022	2	8	4
1023	3	8	4
1024	4	8	4
1025	5	8	4
1026	6	8	4
1027	7	8	4
1028	8	8	4
1029	9	8	4
1030	10	8	4
1031	11	8	4
1032	12	8	4
1033	13	8	4
1034	14	8	4
1035	0	9	4
1036	1	9	4
1037	2	9	4
1038	3	9	4
1039	4	9	4
1040	5	9	4
1041	6	9	4
1042	7	9	4
1043	8	9	4
1044	9	9	4
1045	10	9	4
1046	11	9	4
1047	12	9	4
1048	13	9	4
1049	14	9	4
1050	0	10	4
1051	1	10	4
1052	2	10	4
1053	3	10	4
1054	4	10	4
1055	5	10	4
1056	6	10	4
1057	7	10	4
1058	8	10	4
1059	9	10	4
1060	10	10	4
1061	11	10	4
1062	12	10	4
1063	13	10	4
1064	14	10	4
1065	0	11	4
1066	1	11	4
1067	2	11	4
1068	3	11	4
1069	4	11	4
1070	5	11	4
1071	6	11	4
1072	7	11	4
1073	8	11	4
1074	9	11	4
1075	10	11	4
1076	11	11	4
1077	12	11	4
1078	13	11	4
1079	14	11	4
1080	0	12	4
1081	1	12	4
1082	2	12	4
1083	3	12	4
1084	4	12	4
1085	5	12	4
1086	6	12	4
1087	7	12	4
1088	8	12	4
1089	9	12	4
1090	10	12	4
1091	11	12	4
1092	12	12	4
1093	13	12	4
1094	14	12	4
1095	0	13	4
1096	1	13	4
1097	2	13	4
1098	3	13	4
1099	4	13	4
1100	5	13	4
1101	6	13	4
1102	7	13	4
1103	8	13	4
1104	9	13	4
1105	10	13	4
1106	11	13	4
1107	12	13	4
1108	13	13	4
1109	14	13	4
1110	0	14	4
1111	1	14	4
1112	2	14	4
1113	3	14	4
1114	4	14	4
1115	5	14	4
1116	6	14	4
1117	7	14	4
1118	8	14	4
1119	9	14	4
1120	10	14	4
1121	11	14	4
1122	12	14	4
1123	13	14	4
1124	14	14	4
1125	0	0	5
1126	1	0	5
1127	2	0	5
1128	3	0	5
1129	4	0	5
1130	5	0	5
1131	6	0	5
1132	7	0	5
1133	8	0	5
1134	9	0	5
1135	10	0	5
1136	11	0	5
1137	12	0	5
1138	13	0	5
1139	14	0	5
1140	0	1	5
1141	1	1	5
1142	2	1	5
1143	3	1	5
1144	4	1	5
1145	5	1	5
1146	6	1	5
1147	7	1	5
1148	8	1	5
1149	9	1	5
1150	10	1	5
1151	11	1	5
1152	12	1	5
1153	13	1	5
1154	14	1	5
1155	0	2	5
1156	1	2	5
1157	2	2	5
1158	3	2	5
1159	4	2	5
1160	5	2	5
1161	6	2	5
1162	7	2	5
1163	8	2	5
1164	9	2	5
1165	10	2	5
1166	11	2	5
1167	12	2	5
1168	13	2	5
1169	14	2	5
1170	0	3	5
1171	1	3	5
1172	2	3	5
1173	3	3	5
1174	4	3	5
1175	5	3	5
1176	6	3	5
1177	7	3	5
1178	8	3	5
1179	9	3	5
1180	10	3	5
1181	11	3	5
1182	12	3	5
1183	13	3	5
1184	14	3	5
1185	0	4	5
1186	1	4	5
1187	2	4	5
1188	3	4	5
1189	4	4	5
1190	5	4	5
1191	6	4	5
1192	7	4	5
1193	8	4	5
1194	9	4	5
1195	10	4	5
1196	11	4	5
1197	12	4	5
1198	13	4	5
1199	14	4	5
1200	0	5	5
1201	1	5	5
1202	2	5	5
1203	3	5	5
1204	4	5	5
1205	5	5	5
1206	6	5	5
1207	7	5	5
1208	8	5	5
1209	9	5	5
1210	10	5	5
1211	11	5	5
1212	12	5	5
1213	13	5	5
1214	14	5	5
1215	0	6	5
1216	1	6	5
1217	2	6	5
1218	3	6	5
1219	4	6	5
1220	5	6	5
1221	6	6	5
1222	7	6	5
1223	8	6	5
1224	9	6	5
1225	10	6	5
1226	11	6	5
1227	12	6	5
1228	13	6	5
1229	14	6	5
1230	0	7	5
1231	1	7	5
1232	2	7	5
1233	3	7	5
1234	4	7	5
1235	5	7	5
1236	6	7	5
1237	7	7	5
1238	8	7	5
1239	9	7	5
1240	10	7	5
1241	11	7	5
1242	12	7	5
1243	13	7	5
1244	14	7	5
1245	0	8	5
1246	1	8	5
1247	2	8	5
1248	3	8	5
1249	4	8	5
1250	5	8	5
1251	6	8	5
1252	7	8	5
1253	8	8	5
1254	9	8	5
1255	10	8	5
1256	11	8	5
1257	12	8	5
1258	13	8	5
1259	14	8	5
1260	0	9	5
1261	1	9	5
1262	2	9	5
1263	3	9	5
1264	4	9	5
1265	5	9	5
1266	6	9	5
1267	7	9	5
1268	8	9	5
1269	9	9	5
1270	10	9	5
1271	11	9	5
1272	12	9	5
1273	13	9	5
1274	14	9	5
1275	0	10	5
1276	1	10	5
1277	2	10	5
1278	3	10	5
1279	4	10	5
1280	5	10	5
1281	6	10	5
1282	7	10	5
1283	8	10	5
1284	9	10	5
1285	10	10	5
1286	11	10	5
1287	12	10	5
1288	13	10	5
1289	14	10	5
1290	0	11	5
1291	1	11	5
1292	2	11	5
1293	3	11	5
1294	4	11	5
1295	5	11	5
1296	6	11	5
1297	7	11	5
1298	8	11	5
1299	9	11	5
1300	10	11	5
1301	11	11	5
1302	12	11	5
1303	13	11	5
1304	14	11	5
1305	0	12	5
1306	1	12	5
1307	2	12	5
1308	3	12	5
1309	4	12	5
1310	5	12	5
1311	6	12	5
1312	7	12	5
1313	8	12	5
1314	9	12	5
1315	10	12	5
1316	11	12	5
1317	12	12	5
1318	13	12	5
1319	14	12	5
1320	0	13	5
1321	1	13	5
1322	2	13	5
1323	3	13	5
1324	4	13	5
1325	5	13	5
1326	6	13	5
1327	7	13	5
1328	8	13	5
1329	9	13	5
1330	10	13	5
1331	11	13	5
1332	12	13	5
1333	13	13	5
1334	14	13	5
1335	0	14	5
1336	1	14	5
1337	2	14	5
1338	3	14	5
1339	4	14	5
1340	5	14	5
1341	6	14	5
1342	7	14	5
1343	8	14	5
1344	9	14	5
1345	10	14	5
1346	11	14	5
1347	12	14	5
1348	13	14	5
1349	14	14	5
1350	0	0	6
1351	1	0	6
1352	2	0	6
1353	3	0	6
1354	4	0	6
1355	5	0	6
1356	6	0	6
1357	7	0	6
1358	8	0	6
1359	9	0	6
1360	10	0	6
1361	11	0	6
1362	12	0	6
1363	13	0	6
1364	14	0	6
1365	0	1	6
1366	1	1	6
1367	2	1	6
1368	3	1	6
1369	4	1	6
1370	5	1	6
1371	6	1	6
1372	7	1	6
1373	8	1	6
1374	9	1	6
1375	10	1	6
1376	11	1	6
1377	12	1	6
1378	13	1	6
1379	14	1	6
1380	0	2	6
1381	1	2	6
1382	2	2	6
1383	3	2	6
1384	4	2	6
1385	5	2	6
1386	6	2	6
1387	7	2	6
1388	8	2	6
1389	9	2	6
1390	10	2	6
1391	11	2	6
1392	12	2	6
1393	13	2	6
1394	14	2	6
1395	0	3	6
1396	1	3	6
1397	2	3	6
1398	3	3	6
1399	4	3	6
1400	5	3	6
1401	6	3	6
1402	7	3	6
1403	8	3	6
1404	9	3	6
1405	10	3	6
1406	11	3	6
1407	12	3	6
1408	13	3	6
1409	14	3	6
1410	0	4	6
1411	1	4	6
1412	2	4	6
1413	3	4	6
1414	4	4	6
1415	5	4	6
1416	6	4	6
1417	7	4	6
1418	8	4	6
1419	9	4	6
1420	10	4	6
1421	11	4	6
1422	12	4	6
1423	13	4	6
1424	14	4	6
1425	0	5	6
1426	1	5	6
1427	2	5	6
1428	3	5	6
1429	4	5	6
1430	5	5	6
1431	6	5	6
1432	7	5	6
1433	8	5	6
1434	9	5	6
1435	10	5	6
1436	11	5	6
1437	12	5	6
1438	13	5	6
1439	14	5	6
1440	0	6	6
1441	1	6	6
1442	2	6	6
1443	3	6	6
1444	4	6	6
1445	5	6	6
1446	6	6	6
1447	7	6	6
1448	8	6	6
1449	9	6	6
1450	10	6	6
1451	11	6	6
1452	12	6	6
1453	13	6	6
1454	14	6	6
1455	0	7	6
1456	1	7	6
1457	2	7	6
1458	3	7	6
1459	4	7	6
1460	5	7	6
1461	6	7	6
1462	7	7	6
1463	8	7	6
1464	9	7	6
1465	10	7	6
1466	11	7	6
1467	12	7	6
1468	13	7	6
1469	14	7	6
1470	0	8	6
1471	1	8	6
1472	2	8	6
1473	3	8	6
1474	4	8	6
1475	5	8	6
1476	6	8	6
1477	7	8	6
1478	8	8	6
1479	9	8	6
1480	10	8	6
1481	11	8	6
1482	12	8	6
1483	13	8	6
1484	14	8	6
1485	0	9	6
1486	1	9	6
1487	2	9	6
1488	3	9	6
1489	4	9	6
1490	5	9	6
1491	6	9	6
1492	7	9	6
1493	8	9	6
1494	9	9	6
1495	10	9	6
1496	11	9	6
1497	12	9	6
1498	13	9	6
1499	14	9	6
1500	0	10	6
1501	1	10	6
1502	2	10	6
1503	3	10	6
1504	4	10	6
1505	5	10	6
1506	6	10	6
1507	7	10	6
1508	8	10	6
1509	9	10	6
1510	10	10	6
1511	11	10	6
1512	12	10	6
1513	13	10	6
1514	14	10	6
1515	0	11	6
1516	1	11	6
1517	2	11	6
1518	3	11	6
1519	4	11	6
1520	5	11	6
1521	6	11	6
1522	7	11	6
1523	8	11	6
1524	9	11	6
1525	10	11	6
1526	11	11	6
1527	12	11	6
1528	13	11	6
1529	14	11	6
1530	0	12	6
1531	1	12	6
1532	2	12	6
1533	3	12	6
1534	4	12	6
1535	5	12	6
1536	6	12	6
1537	7	12	6
1538	8	12	6
1539	9	12	6
1540	10	12	6
1541	11	12	6
1542	12	12	6
1543	13	12	6
1544	14	12	6
1545	0	13	6
1546	1	13	6
1547	2	13	6
1548	3	13	6
1549	4	13	6
1550	5	13	6
1551	6	13	6
1552	7	13	6
1553	8	13	6
1554	9	13	6
1555	10	13	6
1556	11	13	6
1557	12	13	6
1558	13	13	6
1559	14	13	6
1560	0	14	6
1561	1	14	6
1562	2	14	6
1563	3	14	6
1564	4	14	6
1565	5	14	6
1566	6	14	6
1567	7	14	6
1568	8	14	6
1569	9	14	6
1570	10	14	6
1571	11	14	6
1572	12	14	6
1573	13	14	6
1574	14	14	6
1575	0	0	7
1576	1	0	7
1577	2	0	7
1578	3	0	7
1579	4	0	7
1580	5	0	7
1581	6	0	7
1582	7	0	7
1583	8	0	7
1584	9	0	7
1585	10	0	7
1586	11	0	7
1587	12	0	7
1588	13	0	7
1589	14	0	7
1590	0	1	7
1591	1	1	7
1592	2	1	7
1593	3	1	7
1594	4	1	7
1595	5	1	7
1596	6	1	7
1597	7	1	7
1598	8	1	7
1599	9	1	7
1600	10	1	7
1601	11	1	7
1602	12	1	7
1603	13	1	7
1604	14	1	7
1605	0	2	7
1606	1	2	7
1607	2	2	7
1608	3	2	7
1609	4	2	7
1610	5	2	7
1611	6	2	7
1612	7	2	7
1613	8	2	7
1614	9	2	7
1615	10	2	7
1616	11	2	7
1617	12	2	7
1618	13	2	7
1619	14	2	7
1620	0	3	7
1621	1	3	7
1622	2	3	7
1623	3	3	7
1624	4	3	7
1625	5	3	7
1626	6	3	7
1627	7	3	7
1628	8	3	7
1629	9	3	7
1630	10	3	7
1631	11	3	7
1632	12	3	7
1633	13	3	7
1634	14	3	7
1635	0	4	7
1636	1	4	7
1637	2	4	7
1638	3	4	7
1639	4	4	7
1640	5	4	7
1641	6	4	7
1642	7	4	7
1643	8	4	7
1644	9	4	7
1645	10	4	7
1646	11	4	7
1647	12	4	7
1648	13	4	7
1649	14	4	7
1650	0	5	7
1651	1	5	7
1652	2	5	7
1653	3	5	7
1654	4	5	7
1655	5	5	7
1656	6	5	7
1657	7	5	7
1658	8	5	7
1659	9	5	7
1660	10	5	7
1661	11	5	7
1662	12	5	7
1663	13	5	7
1664	14	5	7
1665	0	6	7
1666	1	6	7
1667	2	6	7
1668	3	6	7
1669	4	6	7
1670	5	6	7
1671	6	6	7
1672	7	6	7
1673	8	6	7
1674	9	6	7
1675	10	6	7
1676	11	6	7
1677	12	6	7
1678	13	6	7
1679	14	6	7
1680	0	7	7
1681	1	7	7
1682	2	7	7
1683	3	7	7
1684	4	7	7
1685	5	7	7
1686	6	7	7
1687	7	7	7
1688	8	7	7
1689	9	7	7
1690	10	7	7
1691	11	7	7
1692	12	7	7
1693	13	7	7
1694	14	7	7
1695	0	8	7
1696	1	8	7
1697	2	8	7
1698	3	8	7
1699	4	8	7
1700	5	8	7
1701	6	8	7
1702	7	8	7
1703	8	8	7
1704	9	8	7
1705	10	8	7
1706	11	8	7
1707	12	8	7
1708	13	8	7
1709	14	8	7
1710	0	9	7
1711	1	9	7
1712	2	9	7
1713	3	9	7
1714	4	9	7
1715	5	9	7
1716	6	9	7
1717	7	9	7
1718	8	9	7
1719	9	9	7
1720	10	9	7
1721	11	9	7
1722	12	9	7
1723	13	9	7
1724	14	9	7
1725	0	10	7
1726	1	10	7
1727	2	10	7
1728	3	10	7
1729	4	10	7
1730	5	10	7
1731	6	10	7
1732	7	10	7
1733	8	10	7
1734	9	10	7
1735	10	10	7
1736	11	10	7
1737	12	10	7
1738	13	10	7
1739	14	10	7
1740	0	11	7
1741	1	11	7
1742	2	11	7
1743	3	11	7
1744	4	11	7
1745	5	11	7
1746	6	11	7
1747	7	11	7
1748	8	11	7
1749	9	11	7
1750	10	11	7
1751	11	11	7
1752	12	11	7
1753	13	11	7
1754	14	11	7
1755	0	12	7
1756	1	12	7
1757	2	12	7
1758	3	12	7
1759	4	12	7
1760	5	12	7
1761	6	12	7
1762	7	12	7
1763	8	12	7
1764	9	12	7
1765	10	12	7
1766	11	12	7
1767	12	12	7
1768	13	12	7
1769	14	12	7
1770	0	13	7
1771	1	13	7
1772	2	13	7
1773	3	13	7
1774	4	13	7
1775	5	13	7
1776	6	13	7
1777	7	13	7
1778	8	13	7
1779	9	13	7
1780	10	13	7
1781	11	13	7
1782	12	13	7
1783	13	13	7
1784	14	13	7
1785	0	14	7
1786	1	14	7
1787	2	14	7
1788	3	14	7
1789	4	14	7
1790	5	14	7
1791	6	14	7
1792	7	14	7
1793	8	14	7
1794	9	14	7
1795	10	14	7
1796	11	14	7
1797	12	14	7
1798	13	14	7
1799	14	14	7
1800	0	0	8
1801	1	0	8
1802	2	0	8
1803	3	0	8
1804	4	0	8
1805	5	0	8
1806	6	0	8
1807	7	0	8
1808	8	0	8
1809	9	0	8
1810	10	0	8
1811	11	0	8
1812	12	0	8
1813	13	0	8
1814	14	0	8
1815	0	1	8
1816	1	1	8
1817	2	1	8
1818	3	1	8
1819	4	1	8
1820	5	1	8
1821	6	1	8
1822	7	1	8
1823	8	1	8
1824	9	1	8
1825	10	1	8
1826	11	1	8
1827	12	1	8
1828	13	1	8
1829	14	1	8
1830	0	2	8
1831	1	2	8
1832	2	2	8
1833	3	2	8
1834	4	2	8
1835	5	2	8
1836	6	2	8
1837	7	2	8
1838	8	2	8
1839	9	2	8
1840	10	2	8
1841	11	2	8
1842	12	2	8
1843	13	2	8
1844	14	2	8
1845	0	3	8
1846	1	3	8
1847	2	3	8
1848	3	3	8
1849	4	3	8
1850	5	3	8
1851	6	3	8
1852	7	3	8
1853	8	3	8
1854	9	3	8
1855	10	3	8
1856	11	3	8
1857	12	3	8
1858	13	3	8
1859	14	3	8
1860	0	4	8
1861	1	4	8
1862	2	4	8
1863	3	4	8
1864	4	4	8
1865	5	4	8
1866	6	4	8
1867	7	4	8
1868	8	4	8
1869	9	4	8
1870	10	4	8
1871	11	4	8
1872	12	4	8
1873	13	4	8
1874	14	4	8
1875	0	5	8
1876	1	5	8
1877	2	5	8
1878	3	5	8
1879	4	5	8
1880	5	5	8
1881	6	5	8
1882	7	5	8
1883	8	5	8
1884	9	5	8
1885	10	5	8
1886	11	5	8
1887	12	5	8
1888	13	5	8
1889	14	5	8
1890	0	6	8
1891	1	6	8
1892	2	6	8
1893	3	6	8
1894	4	6	8
1895	5	6	8
1896	6	6	8
1897	7	6	8
1898	8	6	8
1899	9	6	8
1900	10	6	8
1901	11	6	8
1902	12	6	8
1903	13	6	8
1904	14	6	8
1905	0	7	8
1906	1	7	8
1907	2	7	8
1908	3	7	8
1909	4	7	8
1910	5	7	8
1911	6	7	8
1912	7	7	8
1913	8	7	8
1914	9	7	8
1915	10	7	8
1916	11	7	8
1917	12	7	8
1918	13	7	8
1919	14	7	8
1920	0	8	8
1921	1	8	8
1922	2	8	8
1923	3	8	8
1924	4	8	8
1925	5	8	8
1926	6	8	8
1927	7	8	8
1928	8	8	8
1929	9	8	8
1930	10	8	8
1931	11	8	8
1932	12	8	8
1933	13	8	8
1934	14	8	8
1935	0	9	8
1936	1	9	8
1937	2	9	8
1938	3	9	8
1939	4	9	8
1940	5	9	8
1941	6	9	8
1942	7	9	8
1943	8	9	8
1944	9	9	8
1945	10	9	8
1946	11	9	8
1947	12	9	8
1948	13	9	8
1949	14	9	8
1950	0	10	8
1951	1	10	8
1952	2	10	8
1953	3	10	8
1954	4	10	8
1955	5	10	8
1956	6	10	8
1957	7	10	8
1958	8	10	8
1959	9	10	8
1960	10	10	8
1961	11	10	8
1962	12	10	8
1963	13	10	8
1964	14	10	8
1965	0	11	8
1966	1	11	8
1967	2	11	8
1968	3	11	8
1969	4	11	8
1970	5	11	8
1971	6	11	8
1972	7	11	8
1973	8	11	8
1974	9	11	8
1975	10	11	8
1976	11	11	8
1977	12	11	8
1978	13	11	8
1979	14	11	8
1980	0	12	8
1981	1	12	8
1982	2	12	8
1983	3	12	8
1984	4	12	8
1985	5	12	8
1986	6	12	8
1987	7	12	8
1988	8	12	8
1989	9	12	8
1990	10	12	8
1991	11	12	8
1992	12	12	8
1993	13	12	8
1994	14	12	8
1995	0	13	8
1996	1	13	8
1997	2	13	8
1998	3	13	8
1999	4	13	8
2000	5	13	8
2001	6	13	8
2002	7	13	8
2003	8	13	8
2004	9	13	8
2005	10	13	8
2006	11	13	8
2007	12	13	8
2008	13	13	8
2009	14	13	8
2010	0	14	8
2011	1	14	8
2012	2	14	8
2013	3	14	8
2014	4	14	8
2015	5	14	8
2016	6	14	8
2017	7	14	8
2018	8	14	8
2019	9	14	8
2020	10	14	8
2021	11	14	8
2022	12	14	8
2023	13	14	8
2024	14	14	8
2025	0	0	9
2026	1	0	9
2027	2	0	9
2028	3	0	9
2029	4	0	9
2030	5	0	9
2031	6	0	9
2032	7	0	9
2033	8	0	9
2034	9	0	9
2035	10	0	9
2036	11	0	9
2037	12	0	9
2038	13	0	9
2039	14	0	9
2040	0	1	9
2041	1	1	9
2042	2	1	9
2043	3	1	9
2044	4	1	9
2045	5	1	9
2046	6	1	9
2047	7	1	9
2048	8	1	9
2049	9	1	9
2050	10	1	9
2051	11	1	9
2052	12	1	9
2053	13	1	9
2054	14	1	9
2055	0	2	9
2056	1	2	9
2057	2	2	9
2058	3	2	9
2059	4	2	9
2060	5	2	9
2061	6	2	9
2062	7	2	9
2063	8	2	9
2064	9	2	9
2065	10	2	9
2066	11	2	9
2067	12	2	9
2068	13	2	9
2069	14	2	9
2070	0	3	9
2071	1	3	9
2072	2	3	9
2073	3	3	9
2074	4	3	9
2075	5	3	9
2076	6	3	9
2077	7	3	9
2078	8	3	9
2079	9	3	9
2080	10	3	9
2081	11	3	9
2082	12	3	9
2083	13	3	9
2084	14	3	9
2085	0	4	9
2086	1	4	9
2087	2	4	9
2088	3	4	9
2089	4	4	9
2090	5	4	9
2091	6	4	9
2092	7	4	9
2093	8	4	9
2094	9	4	9
2095	10	4	9
2096	11	4	9
2097	12	4	9
2098	13	4	9
2099	14	4	9
2100	0	5	9
2101	1	5	9
2102	2	5	9
2103	3	5	9
2104	4	5	9
2105	5	5	9
2106	6	5	9
2107	7	5	9
2108	8	5	9
2109	9	5	9
2110	10	5	9
2111	11	5	9
2112	12	5	9
2113	13	5	9
2114	14	5	9
2115	0	6	9
2116	1	6	9
2117	2	6	9
2118	3	6	9
2119	4	6	9
2120	5	6	9
2121	6	6	9
2122	7	6	9
2123	8	6	9
2124	9	6	9
2125	10	6	9
2126	11	6	9
2127	12	6	9
2128	13	6	9
2129	14	6	9
2130	0	7	9
2131	1	7	9
2132	2	7	9
2133	3	7	9
2134	4	7	9
2135	5	7	9
2136	6	7	9
2137	7	7	9
2138	8	7	9
2139	9	7	9
2140	10	7	9
2141	11	7	9
2142	12	7	9
2143	13	7	9
2144	14	7	9
2145	0	8	9
2146	1	8	9
2147	2	8	9
2148	3	8	9
2149	4	8	9
2150	5	8	9
2151	6	8	9
2152	7	8	9
2153	8	8	9
2154	9	8	9
2155	10	8	9
2156	11	8	9
2157	12	8	9
2158	13	8	9
2159	14	8	9
2160	0	9	9
2161	1	9	9
2162	2	9	9
2163	3	9	9
2164	4	9	9
2165	5	9	9
2166	6	9	9
2167	7	9	9
2168	8	9	9
2169	9	9	9
2170	10	9	9
2171	11	9	9
2172	12	9	9
2173	13	9	9
2174	14	9	9
2175	0	10	9
2176	1	10	9
2177	2	10	9
2178	3	10	9
2179	4	10	9
2180	5	10	9
2181	6	10	9
2182	7	10	9
2183	8	10	9
2184	9	10	9
2185	10	10	9
2186	11	10	9
2187	12	10	9
2188	13	10	9
2189	14	10	9
2190	0	11	9
2191	1	11	9
2192	2	11	9
2193	3	11	9
2194	4	11	9
2195	5	11	9
2196	6	11	9
2197	7	11	9
2198	8	11	9
2199	9	11	9
2200	10	11	9
2201	11	11	9
2202	12	11	9
2203	13	11	9
2204	14	11	9
2205	0	12	9
2206	1	12	9
2207	2	12	9
2208	3	12	9
2209	4	12	9
2210	5	12	9
2211	6	12	9
2212	7	12	9
2213	8	12	9
2214	9	12	9
2215	10	12	9
2216	11	12	9
2217	12	12	9
2218	13	12	9
2219	14	12	9
2220	0	13	9
2221	1	13	9
2222	2	13	9
2223	3	13	9
2224	4	13	9
2225	5	13	9
2226	6	13	9
2227	7	13	9
2228	8	13	9
2229	9	13	9
2230	10	13	9
2231	11	13	9
2232	12	13	9
2233	13	13	9
2234	14	13	9
2235	0	14	9
2236	1	14	9
2237	2	14	9
2238	3	14	9
2239	4	14	9
2240	5	14	9
2241	6	14	9
2242	7	14	9
2243	8	14	9
2244	9	14	9
2245	10	14	9
2246	11	14	9
2247	12	14	9
2248	13	14	9
2249	14	14	9
2250	0	0	10
2251	1	0	10
2252	2	0	10
2253	3	0	10
2254	4	0	10
2255	5	0	10
2256	6	0	10
2257	7	0	10
2258	8	0	10
2259	9	0	10
2260	10	0	10
2261	11	0	10
2262	12	0	10
2263	13	0	10
2264	14	0	10
2265	0	1	10
2266	1	1	10
2267	2	1	10
2268	3	1	10
2269	4	1	10
2270	5	1	10
2271	6	1	10
2272	7	1	10
2273	8	1	10
2274	9	1	10
2275	10	1	10
2276	11	1	10
2277	12	1	10
2278	13	1	10
2279	14	1	10
2280	0	2	10
2281	1	2	10
2282	2	2	10
2283	3	2	10
2284	4	2	10
2285	5	2	10
2286	6	2	10
2287	7	2	10
2288	8	2	10
2289	9	2	10
2290	10	2	10
2291	11	2	10
2292	12	2	10
2293	13	2	10
2294	14	2	10
2295	0	3	10
2296	1	3	10
2297	2	3	10
2298	3	3	10
2299	4	3	10
2300	5	3	10
2301	6	3	10
2302	7	3	10
2303	8	3	10
2304	9	3	10
2305	10	3	10
2306	11	3	10
2307	12	3	10
2308	13	3	10
2309	14	3	10
2310	0	4	10
2311	1	4	10
2312	2	4	10
2313	3	4	10
2314	4	4	10
2315	5	4	10
2316	6	4	10
2317	7	4	10
2318	8	4	10
2319	9	4	10
2320	10	4	10
2321	11	4	10
2322	12	4	10
2323	13	4	10
2324	14	4	10
2325	0	5	10
2326	1	5	10
2327	2	5	10
2328	3	5	10
2329	4	5	10
2330	5	5	10
2331	6	5	10
2332	7	5	10
2333	8	5	10
2334	9	5	10
2335	10	5	10
2336	11	5	10
2337	12	5	10
2338	13	5	10
2339	14	5	10
2340	0	6	10
2341	1	6	10
2342	2	6	10
2343	3	6	10
2344	4	6	10
2345	5	6	10
2346	6	6	10
2347	7	6	10
2348	8	6	10
2349	9	6	10
2350	10	6	10
2351	11	6	10
2352	12	6	10
2353	13	6	10
2354	14	6	10
2355	0	7	10
2356	1	7	10
2357	2	7	10
2358	3	7	10
2359	4	7	10
2360	5	7	10
2361	6	7	10
2362	7	7	10
2363	8	7	10
2364	9	7	10
2365	10	7	10
2366	11	7	10
2367	12	7	10
2368	13	7	10
2369	14	7	10
2370	0	8	10
2371	1	8	10
2372	2	8	10
2373	3	8	10
2374	4	8	10
2375	5	8	10
2376	6	8	10
2377	7	8	10
2378	8	8	10
2379	9	8	10
2380	10	8	10
2381	11	8	10
2382	12	8	10
2383	13	8	10
2384	14	8	10
2385	0	9	10
2386	1	9	10
2387	2	9	10
2388	3	9	10
2389	4	9	10
2390	5	9	10
2391	6	9	10
2392	7	9	10
2393	8	9	10
2394	9	9	10
2395	10	9	10
2396	11	9	10
2397	12	9	10
2398	13	9	10
2399	14	9	10
2400	0	10	10
2401	1	10	10
2402	2	10	10
2403	3	10	10
2404	4	10	10
2405	5	10	10
2406	6	10	10
2407	7	10	10
2408	8	10	10
2409	9	10	10
2410	10	10	10
2411	11	10	10
2412	12	10	10
2413	13	10	10
2414	14	10	10
2415	0	11	10
2416	1	11	10
2417	2	11	10
2418	3	11	10
2419	4	11	10
2420	5	11	10
2421	6	11	10
2422	7	11	10
2423	8	11	10
2424	9	11	10
2425	10	11	10
2426	11	11	10
2427	12	11	10
2428	13	11	10
2429	14	11	10
2430	0	12	10
2431	1	12	10
2432	2	12	10
2433	3	12	10
2434	4	12	10
2435	5	12	10
2436	6	12	10
2437	7	12	10
2438	8	12	10
2439	9	12	10
2440	10	12	10
2441	11	12	10
2442	12	12	10
2443	13	12	10
2444	14	12	10
2445	0	13	10
2446	1	13	10
2447	2	13	10
2448	3	13	10
2449	4	13	10
2450	5	13	10
2451	6	13	10
2452	7	13	10
2453	8	13	10
2454	9	13	10
2455	10	13	10
2456	11	13	10
2457	12	13	10
2458	13	13	10
2459	14	13	10
2460	0	14	10
2461	1	14	10
2462	2	14	10
2463	3	14	10
2464	4	14	10
2465	5	14	10
2466	6	14	10
2467	7	14	10
2468	8	14	10
2469	9	14	10
2470	10	14	10
2471	11	14	10
2472	12	14	10
2473	13	14	10
2474	14	14	10
2475	0	0	11
2476	1	0	11
2477	2	0	11
2478	3	0	11
2479	4	0	11
2480	5	0	11
2481	6	0	11
2482	7	0	11
2483	8	0	11
2484	9	0	11
2485	10	0	11
2486	11	0	11
2487	12	0	11
2488	13	0	11
2489	14	0	11
2490	0	1	11
2491	1	1	11
2492	2	1	11
2493	3	1	11
2494	4	1	11
2495	5	1	11
2496	6	1	11
2497	7	1	11
2498	8	1	11
2499	9	1	11
2500	10	1	11
2501	11	1	11
2502	12	1	11
2503	13	1	11
2504	14	1	11
2505	0	2	11
2506	1	2	11
2507	2	2	11
2508	3	2	11
2509	4	2	11
2510	5	2	11
2511	6	2	11
2512	7	2	11
2513	8	2	11
2514	9	2	11
2515	10	2	11
2516	11	2	11
2517	12	2	11
2518	13	2	11
2519	14	2	11
2520	0	3	11
2521	1	3	11
2522	2	3	11
2523	3	3	11
2524	4	3	11
2525	5	3	11
2526	6	3	11
2527	7	3	11
2528	8	3	11
2529	9	3	11
2530	10	3	11
2531	11	3	11
2532	12	3	11
2533	13	3	11
2534	14	3	11
2535	0	4	11
2536	1	4	11
2537	2	4	11
2538	3	4	11
2539	4	4	11
2540	5	4	11
2541	6	4	11
2542	7	4	11
2543	8	4	11
2544	9	4	11
2545	10	4	11
2546	11	4	11
2547	12	4	11
2548	13	4	11
2549	14	4	11
2550	0	5	11
2551	1	5	11
2552	2	5	11
2553	3	5	11
2554	4	5	11
2555	5	5	11
2556	6	5	11
2557	7	5	11
2558	8	5	11
2559	9	5	11
2560	10	5	11
2561	11	5	11
2562	12	5	11
2563	13	5	11
2564	14	5	11
2565	0	6	11
2566	1	6	11
2567	2	6	11
2568	3	6	11
2569	4	6	11
2570	5	6	11
2571	6	6	11
2572	7	6	11
2573	8	6	11
2574	9	6	11
2575	10	6	11
2576	11	6	11
2577	12	6	11
2578	13	6	11
2579	14	6	11
2580	0	7	11
2581	1	7	11
2582	2	7	11
2583	3	7	11
2584	4	7	11
2585	5	7	11
2586	6	7	11
2587	7	7	11
2588	8	7	11
2589	9	7	11
2590	10	7	11
2591	11	7	11
2592	12	7	11
2593	13	7	11
2594	14	7	11
2595	0	8	11
2596	1	8	11
2597	2	8	11
2598	3	8	11
2599	4	8	11
2600	5	8	11
2601	6	8	11
2602	7	8	11
2603	8	8	11
2604	9	8	11
2605	10	8	11
2606	11	8	11
2607	12	8	11
2608	13	8	11
2609	14	8	11
2610	0	9	11
2611	1	9	11
2612	2	9	11
2613	3	9	11
2614	4	9	11
2615	5	9	11
2616	6	9	11
2617	7	9	11
2618	8	9	11
2619	9	9	11
2620	10	9	11
2621	11	9	11
2622	12	9	11
2623	13	9	11
2624	14	9	11
2625	0	10	11
2626	1	10	11
2627	2	10	11
2628	3	10	11
2629	4	10	11
2630	5	10	11
2631	6	10	11
2632	7	10	11
2633	8	10	11
2634	9	10	11
2635	10	10	11
2636	11	10	11
2637	12	10	11
2638	13	10	11
2639	14	10	11
2640	0	11	11
2641	1	11	11
2642	2	11	11
2643	3	11	11
2644	4	11	11
2645	5	11	11
2646	6	11	11
2647	7	11	11
2648	8	11	11
2649	9	11	11
2650	10	11	11
2651	11	11	11
2652	12	11	11
2653	13	11	11
2654	14	11	11
2655	0	12	11
2656	1	12	11
2657	2	12	11
2658	3	12	11
2659	4	12	11
2660	5	12	11
2661	6	12	11
2662	7	12	11
2663	8	12	11
2664	9	12	11
2665	10	12	11
2666	11	12	11
2667	12	12	11
2668	13	12	11
2669	14	12	11
2670	0	13	11
2671	1	13	11
2672	2	13	11
2673	3	13	11
2674	4	13	11
2675	5	13	11
2676	6	13	11
2677	7	13	11
2678	8	13	11
2679	9	13	11
2680	10	13	11
2681	11	13	11
2682	12	13	11
2683	13	13	11
2684	14	13	11
2685	0	14	11
2686	1	14	11
2687	2	14	11
2688	3	14	11
2689	4	14	11
2690	5	14	11
2691	6	14	11
2692	7	14	11
2693	8	14	11
2694	9	14	11
2695	10	14	11
2696	11	14	11
2697	12	14	11
2698	13	14	11
2699	14	14	11
2700	0	0	12
2701	1	0	12
2702	2	0	12
2703	3	0	12
2704	4	0	12
2705	5	0	12
2706	6	0	12
2707	7	0	12
2708	8	0	12
2709	9	0	12
2710	10	0	12
2711	11	0	12
2712	12	0	12
2713	13	0	12
2714	14	0	12
2715	0	1	12
2716	1	1	12
2717	2	1	12
2718	3	1	12
2719	4	1	12
2720	5	1	12
2721	6	1	12
2722	7	1	12
2723	8	1	12
2724	9	1	12
2725	10	1	12
2726	11	1	12
2727	12	1	12
2728	13	1	12
2729	14	1	12
2730	0	2	12
2731	1	2	12
2732	2	2	12
2733	3	2	12
2734	4	2	12
2735	5	2	12
2736	6	2	12
2737	7	2	12
2738	8	2	12
2739	9	2	12
2740	10	2	12
2741	11	2	12
2742	12	2	12
2743	13	2	12
2744	14	2	12
2745	0	3	12
2746	1	3	12
2747	2	3	12
2748	3	3	12
2749	4	3	12
2750	5	3	12
2751	6	3	12
2752	7	3	12
2753	8	3	12
2754	9	3	12
2755	10	3	12
2756	11	3	12
2757	12	3	12
2758	13	3	12
2759	14	3	12
2760	0	4	12
2761	1	4	12
2762	2	4	12
2763	3	4	12
2764	4	4	12
2765	5	4	12
2766	6	4	12
2767	7	4	12
2768	8	4	12
2769	9	4	12
2770	10	4	12
2771	11	4	12
2772	12	4	12
2773	13	4	12
2774	14	4	12
2775	0	5	12
2776	1	5	12
2777	2	5	12
2778	3	5	12
2779	4	5	12
2780	5	5	12
2781	6	5	12
2782	7	5	12
2783	8	5	12
2784	9	5	12
2785	10	5	12
2786	11	5	12
2787	12	5	12
2788	13	5	12
2789	14	5	12
2790	0	6	12
2791	1	6	12
2792	2	6	12
2793	3	6	12
2794	4	6	12
2795	5	6	12
2796	6	6	12
2797	7	6	12
2798	8	6	12
2799	9	6	12
2800	10	6	12
2801	11	6	12
2802	12	6	12
2803	13	6	12
2804	14	6	12
2805	0	7	12
2806	1	7	12
2807	2	7	12
2808	3	7	12
2809	4	7	12
2810	5	7	12
2811	6	7	12
2812	7	7	12
2813	8	7	12
2814	9	7	12
2815	10	7	12
2816	11	7	12
2817	12	7	12
2818	13	7	12
2819	14	7	12
2820	0	8	12
2821	1	8	12
2822	2	8	12
2823	3	8	12
2824	4	8	12
2825	5	8	12
2826	6	8	12
2827	7	8	12
2828	8	8	12
2829	9	8	12
2830	10	8	12
2831	11	8	12
2832	12	8	12
2833	13	8	12
2834	14	8	12
2835	0	9	12
2836	1	9	12
2837	2	9	12
2838	3	9	12
2839	4	9	12
2840	5	9	12
2841	6	9	12
2842	7	9	12
2843	8	9	12
2844	9	9	12
2845	10	9	12
2846	11	9	12
2847	12	9	12
2848	13	9	12
2849	14	9	12
2850	0	10	12
2851	1	10	12
2852	2	10	12
2853	3	10	12
2854	4	10	12
2855	5	10	12
2856	6	10	12
2857	7	10	12
2858	8	10	12
2859	9	10	12
2860	10	10	12
2861	11	10	12
2862	12	10	12
2863	13	10	12
2864	14	10	12
2865	0	11	12
2866	1	11	12
2867	2	11	12
2868	3	11	12
2869	4	11	12
2870	5	11	12
2871	6	11	12
2872	7	11	12
2873	8	11	12
2874	9	11	12
2875	10	11	12
2876	11	11	12
2877	12	11	12
2878	13	11	12
2879	14	11	12
2880	0	12	12
2881	1	12	12
2882	2	12	12
2883	3	12	12
2884	4	12	12
2885	5	12	12
2886	6	12	12
2887	7	12	12
2888	8	12	12
2889	9	12	12
2890	10	12	12
2891	11	12	12
2892	12	12	12
2893	13	12	12
2894	14	12	12
2895	0	13	12
2896	1	13	12
2897	2	13	12
2898	3	13	12
2899	4	13	12
2900	5	13	12
2901	6	13	12
2902	7	13	12
2903	8	13	12
2904	9	13	12
2905	10	13	12
2906	11	13	12
2907	12	13	12
2908	13	13	12
2909	14	13	12
2910	0	14	12
2911	1	14	12
2912	2	14	12
2913	3	14	12
2914	4	14	12
2915	5	14	12
2916	6	14	12
2917	7	14	12
2918	8	14	12
2919	9	14	12
2920	10	14	12
2921	11	14	12
2922	12	14	12
2923	13	14	12
2924	14	14	12
2925	0	0	13
2926	1	0	13
2927	2	0	13
2928	3	0	13
2929	4	0	13
2930	5	0	13
2931	6	0	13
2932	7	0	13
2933	8	0	13
2934	9	0	13
2935	10	0	13
2936	11	0	13
2937	12	0	13
2938	13	0	13
2939	14	0	13
2940	0	1	13
2941	1	1	13
2942	2	1	13
2943	3	1	13
2944	4	1	13
2945	5	1	13
2946	6	1	13
2947	7	1	13
2948	8	1	13
2949	9	1	13
2950	10	1	13
2951	11	1	13
2952	12	1	13
2953	13	1	13
2954	14	1	13
2955	0	2	13
2956	1	2	13
2957	2	2	13
2958	3	2	13
2959	4	2	13
2960	5	2	13
2961	6	2	13
2962	7	2	13
2963	8	2	13
2964	9	2	13
2965	10	2	13
2966	11	2	13
2967	12	2	13
2968	13	2	13
2969	14	2	13
2970	0	3	13
2971	1	3	13
2972	2	3	13
2973	3	3	13
2974	4	3	13
2975	5	3	13
2976	6	3	13
2977	7	3	13
2978	8	3	13
2979	9	3	13
2980	10	3	13
2981	11	3	13
2982	12	3	13
2983	13	3	13
2984	14	3	13
2985	0	4	13
2986	1	4	13
2987	2	4	13
2988	3	4	13
2989	4	4	13
2990	5	4	13
2991	6	4	13
2992	7	4	13
2993	8	4	13
2994	9	4	13
2995	10	4	13
2996	11	4	13
2997	12	4	13
2998	13	4	13
2999	14	4	13
3000	0	5	13
3001	1	5	13
3002	2	5	13
3003	3	5	13
3004	4	5	13
3005	5	5	13
3006	6	5	13
3007	7	5	13
3008	8	5	13
3009	9	5	13
3010	10	5	13
3011	11	5	13
3012	12	5	13
3013	13	5	13
3014	14	5	13
3015	0	6	13
3016	1	6	13
3017	2	6	13
3018	3	6	13
3019	4	6	13
3020	5	6	13
3021	6	6	13
3022	7	6	13
3023	8	6	13
3024	9	6	13
3025	10	6	13
3026	11	6	13
3027	12	6	13
3028	13	6	13
3029	14	6	13
3030	0	7	13
3031	1	7	13
3032	2	7	13
3033	3	7	13
3034	4	7	13
3035	5	7	13
3036	6	7	13
3037	7	7	13
3038	8	7	13
3039	9	7	13
3040	10	7	13
3041	11	7	13
3042	12	7	13
3043	13	7	13
3044	14	7	13
3045	0	8	13
3046	1	8	13
3047	2	8	13
3048	3	8	13
3049	4	8	13
3050	5	8	13
3051	6	8	13
3052	7	8	13
3053	8	8	13
3054	9	8	13
3055	10	8	13
3056	11	8	13
3057	12	8	13
3058	13	8	13
3059	14	8	13
3060	0	9	13
3061	1	9	13
3062	2	9	13
3063	3	9	13
3064	4	9	13
3065	5	9	13
3066	6	9	13
3067	7	9	13
3068	8	9	13
3069	9	9	13
3070	10	9	13
3071	11	9	13
3072	12	9	13
3073	13	9	13
3074	14	9	13
3075	0	10	13
3076	1	10	13
3077	2	10	13
3078	3	10	13
3079	4	10	13
3080	5	10	13
3081	6	10	13
3082	7	10	13
3083	8	10	13
3084	9	10	13
3085	10	10	13
3086	11	10	13
3087	12	10	13
3088	13	10	13
3089	14	10	13
3090	0	11	13
3091	1	11	13
3092	2	11	13
3093	3	11	13
3094	4	11	13
3095	5	11	13
3096	6	11	13
3097	7	11	13
3098	8	11	13
3099	9	11	13
3100	10	11	13
3101	11	11	13
3102	12	11	13
3103	13	11	13
3104	14	11	13
3105	0	12	13
3106	1	12	13
3107	2	12	13
3108	3	12	13
3109	4	12	13
3110	5	12	13
3111	6	12	13
3112	7	12	13
3113	8	12	13
3114	9	12	13
3115	10	12	13
3116	11	12	13
3117	12	12	13
3118	13	12	13
3119	14	12	13
3120	0	13	13
3121	1	13	13
3122	2	13	13
3123	3	13	13
3124	4	13	13
3125	5	13	13
3126	6	13	13
3127	7	13	13
3128	8	13	13
3129	9	13	13
3130	10	13	13
3131	11	13	13
3132	12	13	13
3133	13	13	13
3134	14	13	13
3135	0	14	13
3136	1	14	13
3137	2	14	13
3138	3	14	13
3139	4	14	13
3140	5	14	13
3141	6	14	13
3142	7	14	13
3143	8	14	13
3144	9	14	13
3145	10	14	13
3146	11	14	13
3147	12	14	13
3148	13	14	13
3149	14	14	13
3150	0	0	14
3151	1	0	14
3152	2	0	14
3153	3	0	14
3154	4	0	14
3155	5	0	14
3156	6	0	14
3157	7	0	14
3158	8	0	14
3159	9	0	14
3160	10	0	14
3161	11	0	14
3162	12	0	14
3163	13	0	14
3164	14	0	14
3165	0	1	14
3166	1	1	14
3167	2	1	14
3168	3	1	14
3169	4	1	14
3170	5	1	14
3171	6	1	14
3172	7	1	14
3173	8	1	14
3174	9	1	14
3175	10	1	14
3176	11	1	14
3177	12	1	14
3178	13	1	14
3179	14	1	14
3180	0	2	14
3181	1	2	14
3182	2	2	14
3183	3	2	14
3184	4	2	14
3185	5	2	14
3186	6	2	14
3187	7	2	14
3188	8	2	14
3189	9	2	14
3190	10	2	14
3191	11	2	14
3192	12	2	14
3193	13	2	14
3194	14	2	14
3195	0	3	14
3196	1	3	14
3197	2	3	14
3198	3	3	14
3199	4	3	14
3200	5	3	14
3201	6	3	14
3202	7	3	14
3203	8	3	14
3204	9	3	14
3205	10	3	14
3206	11	3	14
3207	12	3	14
3208	13	3	14
3209	14	3	14
3210	0	4	14
3211	1	4	14
3212	2	4	14
3213	3	4	14
3214	4	4	14
3215	5	4	14
3216	6	4	14
3217	7	4	14
3218	8	4	14
3219	9	4	14
3220	10	4	14
3221	11	4	14
3222	12	4	14
3223	13	4	14
3224	14	4	14
3225	0	5	14
3226	1	5	14
3227	2	5	14
3228	3	5	14
3229	4	5	14
3230	5	5	14
3231	6	5	14
3232	7	5	14
3233	8	5	14
3234	9	5	14
3235	10	5	14
3236	11	5	14
3237	12	5	14
3238	13	5	14
3239	14	5	14
3240	0	6	14
3241	1	6	14
3242	2	6	14
3243	3	6	14
3244	4	6	14
3245	5	6	14
3246	6	6	14
3247	7	6	14
3248	8	6	14
3249	9	6	14
3250	10	6	14
3251	11	6	14
3252	12	6	14
3253	13	6	14
3254	14	6	14
3255	0	7	14
3256	1	7	14
3257	2	7	14
3258	3	7	14
3259	4	7	14
3260	5	7	14
3261	6	7	14
3262	7	7	14
3263	8	7	14
3264	9	7	14
3265	10	7	14
3266	11	7	14
3267	12	7	14
3268	13	7	14
3269	14	7	14
3270	0	8	14
3271	1	8	14
3272	2	8	14
3273	3	8	14
3274	4	8	14
3275	5	8	14
3276	6	8	14
3277	7	8	14
3278	8	8	14
3279	9	8	14
3280	10	8	14
3281	11	8	14
3282	12	8	14
3283	13	8	14
3284	14	8	14
3285	0	9	14
3286	1	9	14
3287	2	9	14
3288	3	9	14
3289	4	9	14
3290	5	9	14
3291	6	9	14
3292	7	9	14
3293	8	9	14
3294	9	9	14
3295	10	9	14
3296	11	9	14
3297	12	9	14
3298	13	9	14
3299	14	9	14
3300	0	10	14
3301	1	10	14
3302	2	10	14
3303	3	10	14
3304	4	10	14
3305	5	10	14
3306	6	10	14
3307	7	10	14
3308	8	10	14
3309	9	10	14
3310	10	10	14
3311	11	10	14
3312	12	10	14
3313	13	10	14
3314	14	10	14
3315	0	11	14
3316	1	11	14
3317	2	11	14
3318	3	11	14
3319	4	11	14
3320	5	11	14
3321	6	11	14
3322	7	11	14
3323	8	11	14
3324	9	11	14
3325	10	11	14
3326	11	11	14
3327	12	11	14
3328	13	11	14
3329	14	11	14
3330	0	12	14
3331	1	12	14
3332	2	12	14
3333	3	12	14
3334	4	12	14
3335	5	12	14
3336	6	12	14
3337	7	12	14
3338	8	12	14
3339	9	12	14
3340	10	12	14
3341	11	12	14
3342	12	12	14
3343	13	12	14
3344	14	12	14
3345	0	13	14
3346	1	13	14
3347	2	13	14
3348	3	13	14
3349	4	13	14
3350	5	13	14
3351	6	13	14
3352	7	13	14
3353	8	13	14
3354	9	13	14
3355	10	13	14
3356	11	13	14
3357	12	13	14
3358	13	13	14
3359	14	13	14
3360	0	14	14
3361	1	14	14
3362	2	14	14
3363	3	14	14
3364	4	14	14
3365	5	14	14
3366	6	14	14
3367	7	14	14
3368	8	14	14
3369	9	14	14
3370	10	14	14
3371	11	14	14
3372	12	14	14
3373	13	14	14
3374	14	14	14
